3.160000000000000000e+05 3.517000000000000000e+06 9.231318040766865352e+00
3.410000000000000000e+05 3.517000000000000000e+06 4.932101496894189196e+00
3.660000000000000000e+05 3.517000000000000000e+06 4.807752887438751621e+00
3.910000000000000000e+05 3.517000000000000000e+06 4.835170694362688870e+00
4.160000000000000000e+05 3.517000000000000000e+06 8.481899534350485936e+00
4.410000000000000000e+05 3.517000000000000000e+06 4.758407730435787464e+00
4.660000000000000000e+05 3.517000000000000000e+06 4.992220845767337600e+00
4.910000000000000000e+05 3.517000000000000000e+06 4.424391017613337418e+00
5.160000000000000000e+05 3.517000000000000000e+06 2.227415334645270661e+02
5.410000000000000000e+05 3.517000000000000000e+06 2.361660634218524990e+02
5.660000000000000000e+05 3.517000000000000000e+06 3.296527830221808699e+02
5.910000000000000000e+05 3.517000000000000000e+06 2.155647327355072775e+02
6.160000000000000000e+05 3.517000000000000000e+06 2.582322691648246291e+02
6.410000000000000000e+05 3.517000000000000000e+06 2.385393964888628773e+02
6.660000000000000000e+05 3.517000000000000000e+06 2.711373564004007903e+02
6.910000000000000000e+05 3.517000000000000000e+06 2.582706148249771445e+02
3.160000000000000000e+05 3.542000000000000000e+06 6.614227260491974292e+00
3.410000000000000000e+05 3.542000000000000000e+06 6.829527023305919542e+00
3.660000000000000000e+05 3.542000000000000000e+06 6.256795320657708714e+00
3.910000000000000000e+05 3.542000000000000000e+06 5.910196980118592514e+00
4.160000000000000000e+05 3.542000000000000000e+06 9.277012438535598093e+00
4.410000000000000000e+05 3.542000000000000000e+06 5.775220288352214126e+00
4.660000000000000000e+05 3.542000000000000000e+06 5.410875123260898256e+00
4.910000000000000000e+05 3.542000000000000000e+06 4.644394623926490162e+00
5.160000000000000000e+05 3.542000000000000000e+06 2.378051074676248504e+02
5.410000000000000000e+05 3.542000000000000000e+06 2.559136144445012633e+02
5.660000000000000000e+05 3.542000000000000000e+06 2.213138673659295250e+02
5.910000000000000000e+05 3.542000000000000000e+06 2.624768983986374451e+02
6.160000000000000000e+05 3.542000000000000000e+06 2.207311774041220076e+02
6.410000000000000000e+05 3.542000000000000000e+06 2.567570781889999125e+02
6.660000000000000000e+05 3.542000000000000000e+06 2.563899528068568543e+02
6.910000000000000000e+05 3.542000000000000000e+06 2.425006506561104800e+02
3.160000000000000000e+05 3.567000000000000000e+06 3.009203593437017155e+00
3.410000000000000000e+05 3.567000000000000000e+06 4.578127440320700181e+00
3.660000000000000000e+05 3.567000000000000000e+06 7.611124789357355702e+00
3.910000000000000000e+05 3.567000000000000000e+06 7.019482419216465097e+00
4.160000000000000000e+05 3.567000000000000000e+06 7.687412990354427933e+00
4.410000000000000000e+05 3.567000000000000000e+06 6.080078694302570419e+00
4.660000000000000000e+05 3.567000000000000000e+06 8.884583273806129000e+00
4.910000000000000000e+05 3.567000000000000000e+06 8.368892780558304878e+00
5.160000000000000000e+05 3.567000000000000000e+06 4.330873820086468484e+00
5.410000000000000000e+05 3.567000000000000000e+06 4.336013311612805410e+01
5.660000000000000000e+05 3.567000000000000000e+06 2.224131987247838822e+02
5.910000000000000000e+05 3.567000000000000000e+06 2.267423383147710183e+02
6.160000000000000000e+05 3.567000000000000000e+06 2.432559770158063372e+02
6.410000000000000000e+05 3.567000000000000000e+06 2.680606175977897578e+02
6.660000000000000000e+05 3.567000000000000000e+06 2.279160675022734210e+02
6.910000000000000000e+05 3.567000000000000000e+06 3.005250830104505440e+02
3.160000000000000000e+05 3.592000000000000000e+06 5.840636271645438526e+00
3.410000000000000000e+05 3.592000000000000000e+06 2.687972105983199356e+00
3.660000000000000000e+05 3.592000000000000000e+06 9.320224984121942668e+00
3.910000000000000000e+05 3.592000000000000000e+06 6.215243271437829620e+00
4.160000000000000000e+05 3.592000000000000000e+06 6.665652747717045301e+00
4.410000000000000000e+05 3.592000000000000000e+06 6.460474664927691180e+00
4.660000000000000000e+05 3.592000000000000000e+06 8.172036253831246100e+00
4.910000000000000000e+05 3.592000000000000000e+06 5.318945377564578969e+00
5.160000000000000000e+05 3.592000000000000000e+06 5.168185516696283344e+00
5.410000000000000000e+05 3.592000000000000000e+06 9.133664486239482017e+00
5.660000000000000000e+05 3.592000000000000000e+06 5.485230648981920609e+01
5.910000000000000000e+05 3.592000000000000000e+06 2.087911158040693351e+02
6.160000000000000000e+05 3.592000000000000000e+06 2.410694036739355965e+02
6.410000000000000000e+05 3.592000000000000000e+06 2.518500903091708381e+02
6.660000000000000000e+05 3.592000000000000000e+06 1.576550549921330742e+02
6.910000000000000000e+05 3.592000000000000000e+06 8.211583857331473268e+01
3.160000000000000000e+05 3.617000000000000000e+06 2.908453436244102477e+02
3.410000000000000000e+05 3.617000000000000000e+06 2.098170553140523253e+00
3.660000000000000000e+05 3.617000000000000000e+06 3.697590302993397859e+00
3.910000000000000000e+05 3.617000000000000000e+06 5.255400002401430903e+00
4.160000000000000000e+05 3.617000000000000000e+06 6.481277864307905645e+00
4.410000000000000000e+05 3.617000000000000000e+06 6.771885741628667077e+00
4.660000000000000000e+05 3.617000000000000000e+06 6.097823449027752751e+00
4.910000000000000000e+05 3.617000000000000000e+06 5.853080356691606312e+00
5.160000000000000000e+05 3.617000000000000000e+06 5.135279970745082245e+00
5.410000000000000000e+05 3.617000000000000000e+06 5.262476931691108639e+00
5.660000000000000000e+05 3.617000000000000000e+06 3.858556164884848094e+00
5.910000000000000000e+05 3.617000000000000000e+06 2.518302821406494729e+02
6.160000000000000000e+05 3.617000000000000000e+06 2.580407160735607022e+02
6.410000000000000000e+05 3.617000000000000000e+06 2.474396078960958789e+02
6.660000000000000000e+05 3.617000000000000000e+06 2.541908069831601438e+02
6.910000000000000000e+05 3.617000000000000000e+06 2.442996772006320043e+02
3.160000000000000000e+05 3.642000000000000000e+06 2.476585295243991993e+02
3.410000000000000000e+05 3.642000000000000000e+06 2.818609493418438774e+02
3.660000000000000000e+05 3.642000000000000000e+06 3.124012659433553551e+00
3.910000000000000000e+05 3.642000000000000000e+06 5.247170416840130969e+00
4.160000000000000000e+05 3.642000000000000000e+06 6.365082319958859536e+00
4.410000000000000000e+05 3.642000000000000000e+06 6.626644460972920925e+00
4.660000000000000000e+05 3.642000000000000000e+06 6.233693199695538922e+00
4.910000000000000000e+05 3.642000000000000000e+06 6.425632333439276422e+00
5.160000000000000000e+05 3.642000000000000000e+06 5.437498998472354295e+00
5.410000000000000000e+05 3.642000000000000000e+06 5.134006081101984975e+00
5.660000000000000000e+05 3.642000000000000000e+06 4.087958572700403082e+00
5.910000000000000000e+05 3.642000000000000000e+06 7.075633598703822358e+00
6.160000000000000000e+05 3.642000000000000000e+06 2.083906167414236954e+00
6.410000000000000000e+05 3.642000000000000000e+06 2.682094005736296936e+02
6.660000000000000000e+05 3.642000000000000000e+06 8.461851290974266249e+00
6.910000000000000000e+05 3.642000000000000000e+06 8.368928891745470722e+00
3.160000000000000000e+05 3.667000000000000000e+06 3.568046076982452064e+02
3.410000000000000000e+05 3.667000000000000000e+06 2.360495777365557615e+02
3.660000000000000000e+05 3.667000000000000000e+06 9.133606436691266595e+00
3.910000000000000000e+05 3.667000000000000000e+06 6.114240790118465441e+00
4.160000000000000000e+05 3.667000000000000000e+06 6.526091872548637873e+00
4.410000000000000000e+05 3.667000000000000000e+06 7.172229795264717822e+00
4.660000000000000000e+05 3.667000000000000000e+06 7.364263697304847867e+00
4.910000000000000000e+05 3.667000000000000000e+06 7.462370475636230793e+00
5.160000000000000000e+05 3.667000000000000000e+06 5.021538540993343958e+00
5.410000000000000000e+05 3.667000000000000000e+06 4.698595276992670655e+00
5.660000000000000000e+05 3.667000000000000000e+06 8.914433772404709799e+00
5.910000000000000000e+05 3.667000000000000000e+06 8.837661252991168226e+00
6.160000000000000000e+05 3.667000000000000000e+06 1.133298809330225332e+01
6.410000000000000000e+05 3.667000000000000000e+06 3.130304564604193729e+02
6.660000000000000000e+05 3.667000000000000000e+06 1.117500345718380217e+01
6.910000000000000000e+05 3.667000000000000000e+06 4.206007481412747495e+00
3.160000000000000000e+05 3.692000000000000000e+06 1.065362397765980518e+02
3.410000000000000000e+05 3.692000000000000000e+06 2.463831314874305463e+02
3.660000000000000000e+05 3.692000000000000000e+06 2.174728861111860283e+02
3.910000000000000000e+05 3.692000000000000000e+06 2.143907727191705703e+02
4.160000000000000000e+05 3.692000000000000000e+06 3.817406924430864379e+00
4.410000000000000000e+05 3.692000000000000000e+06 6.285033813209622622e+00
4.660000000000000000e+05 3.692000000000000000e+06 8.275524453586806217e+00
4.910000000000000000e+05 3.692000000000000000e+06 7.335404927339846282e+00
5.160000000000000000e+05 3.692000000000000000e+06 4.381509463982390606e+00
5.410000000000000000e+05 3.692000000000000000e+06 4.571032401270200829e+00
5.660000000000000000e+05 3.692000000000000000e+06 9.418841544311808534e+00
5.910000000000000000e+05 3.692000000000000000e+06 5.764412333225535257e+00
6.160000000000000000e+05 3.692000000000000000e+06 2.523478883026512847e+02
6.410000000000000000e+05 3.692000000000000000e+06 2.333087075535008807e+02
6.660000000000000000e+05 3.692000000000000000e+06 2.561591780670071330e+02
6.910000000000000000e+05 3.692000000000000000e+06 3.453137652531233392e+00
3.160000000000000000e+05 3.717000000000000000e+06 2.231206287374870953e+02
3.410000000000000000e+05 3.717000000000000000e+06 2.427404191367876365e+02
3.660000000000000000e+05 3.717000000000000000e+06 2.654069732666256982e+02
3.910000000000000000e+05 3.717000000000000000e+06 2.839797595794318568e+02
4.160000000000000000e+05 3.717000000000000000e+06 2.577459767517831324e+02
4.410000000000000000e+05 3.717000000000000000e+06 2.643517135277786565e+02
4.660000000000000000e+05 3.717000000000000000e+06 2.442274045276678862e+02
4.910000000000000000e+05 3.717000000000000000e+06 5.354366810457991122e+00
5.160000000000000000e+05 3.717000000000000000e+06 2.097563086839693725e+00
5.410000000000000000e+05 3.717000000000000000e+06 2.131023075735893002e+00
5.660000000000000000e+05 3.717000000000000000e+06 6.317991297449065513e+00
5.910000000000000000e+05 3.717000000000000000e+06 2.923178168277208329e+02
6.160000000000000000e+05 3.717000000000000000e+06 2.565067285431569530e+02
6.410000000000000000e+05 3.717000000000000000e+06 3.115650668242130337e+02
6.660000000000000000e+05 3.717000000000000000e+06 2.790030540876338705e+02
6.910000000000000000e+05 3.717000000000000000e+06 2.729864527505186516e+02
3.160000000000000000e+05 3.742000000000000000e+06 2.552257413800319625e+02
3.410000000000000000e+05 3.742000000000000000e+06 4.052921837651531973e+02
3.660000000000000000e+05 3.742000000000000000e+06 2.567316937344717758e+02
3.910000000000000000e+05 3.742000000000000000e+06 2.338332118366584780e+02
4.160000000000000000e+05 3.742000000000000000e+06 3.356982332559207407e+02
4.410000000000000000e+05 3.742000000000000000e+06 4.129256282740120696e+02
4.660000000000000000e+05 3.742000000000000000e+06 2.417380437293805642e+02
4.910000000000000000e+05 3.742000000000000000e+06 3.023020753370640819e+02
5.160000000000000000e+05 3.742000000000000000e+06 2.912960043033950228e+02
5.410000000000000000e+05 3.742000000000000000e+06 2.435915131404116778e+02
5.660000000000000000e+05 3.742000000000000000e+06 2.516283063295174145e+02
5.910000000000000000e+05 3.742000000000000000e+06 2.604004732954907126e+02
6.160000000000000000e+05 3.742000000000000000e+06 2.615406824648255792e+02
6.410000000000000000e+05 3.742000000000000000e+06 2.411922921563956663e+02
6.660000000000000000e+05 3.742000000000000000e+06 2.481496748100653633e+02
6.910000000000000000e+05 3.742000000000000000e+06 2.600229035496791994e+02
